Input Sample	aNSCs	Astrocytes	Brown_adipocytes	Cardiac_fibroblasts	Dermal_fibroblasts	Endothelial_cells	Erythrocytes	Granulocytes	Macrophages	Microglia	Monocytes	Neurons	Neutrophils	NK_cells	NPCs	Oligodendrocytes	qNSCs	Plasma_cells	T_cells	White_adipocytes	Cardiomyocytes	Hepatocytes	B_cells	P-value	Pearson Correlation	RMSE
3m1	0.00430362437787836	0.3289266082172765	0.018287369952680353	0	0.002810284630424773	0.003030777677914459	0	0	0	0	0.0010824883818880246	0.47205435115988026	0.002163318170998182	0.0010328184489601774	0.1530600043499907	0.008813181252581346	0.0009	0.0001	0.0005	0	0	0.0009	0.002110204467976981	0	0.3527295570023335	0.9718905978591931
3m2	0	0.31890478537719963	0.021556403117650638	0	0.004606558524633107	0.0026917615071488966	0	0	0	0	0.0001	0.4420277570859484	0.002670243920127298	0	0.18829324768254904	0.00896693200294444	0.006555296460585696	0.0001	0.0023702253327295623	0	0	0.0002	0.0010242645053064577	0	0.3754710909746161	0.9710528015791742
3m3	0.002500815903665611	0.3584217577150226	0.017044873207276445	0	0.0067636497718406635	0.002588796934656595	0	0	0	0	0.0005	0.43140970728647754	0.002585139689269002	0	0.15732266865383573	0.010928470823653152	0.0027638093356243745	0	0.005408201413232275	0	0	0.0003	0.0014998937302323956	0	0.3563957773368284	0.9722963976102493
12m1	0.006973206212397248	0.35912040065093737	0.01772159697132547	0	0.002619393643429577	0.0030272484298017872	0	0	0	0	0.0018997191407166196	0.43406368386532557	0.002052085644392694	0	0.15810577780746465	0.006396941832849838	0	0	0.0055068135535062445	0	0	0.0001	0.002380537389155903	0	0.3751060445046198	0.9709413156266349
12m2	0.0037333685348011915	0.3476187704946076	0.01884054332788151	0	0.0014925259760848887	0.0031251967184084805	0	0	0	0	0.0026412187990054094	0.4563822365014841	0.0017863925219740355	0	0.145981754701185	0.007566430829497969	0.001897295658114034	0.0001	0.00746202601311048	0	0	0.0001	0.0013517097004372453	0	0.37318475069990803	0.9703722092423442
12m3	0.005384872125449709	0.35592342124767856	0.01806819448080482	0	0.0031254074187074734	0.0033060594807762162	0	0	0	0	0.001356782447523028	0.46360680817014793	0.0016578512657104561	0	0.1286873150027646	0.008978597979203234	0.0003	0	0.007099392170747442	0	0	0.0003	0.0022302927843003317	0	0.36891910275165907	0.9702444046983411
29m1	0.004605458424338207	0.343264794098453	0.01484682276281984	0	0.0010063541676736754	0.004262565324454836	0	0	0	0	0.003126531446813536	0.46551701394176404	0.0033646948342414855	0	0.12358871802111163	0.011133112828448699	0.010311862879727862	0.0001	0.012578407571910106	0	0	0.0004	0.0019124451092876723	0	0.392961678354487	0.9678146132639879
29m2	0.0027684193178689827	0.3604099960335957	0.014622563982880747	0	0.0032392611341268826	0.004319072065571558	0	0	0	0.007547931823536512	0.0009	0.42985659540968435	0.0021096704832387777	0.0002	0.14224350854277276	0.010552503285292007	0.008639904099636836	0.0001	0.008922712451008721	0	0	0.0004	0.0031685405812116496	0	0.3719693727067242	0.9708887697458408
29m3	0.0032398426189469533	0.3557160173353158	0.01559645716122516	0	0.001230820979243362	0.004921498011429062	0	0	0	0.002432984731297957	0.0008	0.4307933854163678	0.0027877505018944204	0	0.1514358731212516	0.010209709770153638	0.0066786531525113105	0.0001	0.010126547151931063	0	0	0.0003	0.003607914514633597	0	0.3778487880760449	0.9704864554505322
