Input Sample	Adipocytes	aNSCs	Astrocytes	Endothelial_cells	Erythrocytes	Granulocytes	Macrophages	Microglia	Monocytes	Neurons	NK_cells	NPCs	Oligodendrocytes	qNSCs	T_cells	Cardiomyocytes	Hepatocytes	B_cells	Cardiac_Fibroblasts	Dermal_Fibroblasts	Ependymal	P-value	Pearson Correlation	RMSE
3m1	0.0007	0	0.0031492620193392	0.010942009336463	0.0001	0	0.0031015295436346	0.0079270369432848	0.0005	0	0.0012078270512913	0.0037678527369131	0.0008	0	0	0.94442783600529	0	0.001130230902524	0.020861014710911	0	0.0013568005379937	0	0.7768025828092946	0.7262570532288338
3m2	0.001	0	0.0023552683885838	0.008790281832858	0.0008	0	0.0076349268028277	0.0076190756982092	0.0011323731465204	0	0.0005	0.004872524981544	0.0007	0	0	0.93992106831578	0.0006	0.0014748241788729	0.02124908384674	0	0.0013647327405252	0	0.7783489816198242	0.7211317169737245
3m3	0.0011394594792468	0	0.0031287227292087	0.008524926229519	0.0009	0	0.0055329781473661	0.0059286377088812	0.0007	0	0.0010947920791457	0.0046199427749453	0.0008	0	0	0.94670429278098	0.0008	0.0004	0.0185274106932	0	0.0011725597768092	0	0.7316984098587159	0.7908766129403988
12m1	0.0016567925374002	0.0015559828871708	0.0050695704507209	0.0045612543048594	0.0007	0.0005	0	0.001453239400849	0.0027242936191	0.0004	0.0025435981912011	0	0.001734852774783	0	0	0.96358139586574	0.0016679376461241	0.0023360967094387	0.0077951354275271	0	0.0016710991101701	0	0.7800754877836485	0.7426765608176287
12m2	0.0009	0	0.0022559055949016	0.010063089654513	0.0004	0	0.0060374974422904	0.0052060780675478	0.0011716047677147	0.0008	0.001	0	0.0006	0	0	0.95278987512823	0	0.0022574020140373	0.013521441123429	0	0.0029485962115255	0	0.778167551244071	0.7281281286786297
12m3	0.0010812688827851	0	0.0038449986605136	0.0078217861263703	0.0010249216654973	0	0.0090653816749033	0.0054816772767983	0.0010184672340737	0	0.0007	0.0024361340686581	0.0008	0	0	0.94661413223699	0	0.0018481460486976	0.015974512770593	0	0.0023022663492823	0	0.7785103146984568	0.7284368892269122
29m1	0.0017905917119731	0	0.0041052628675873	0.01033702823611	0.0003	0	0.005871690065316	0.0067726947238329	0.0022177482210307	0	0.0006	0.001902466953054	0.0009	0	0	0.92843903839662	0.003530984618632	0.0014924028244848	0.029663249382273	0	0.0020930990239499	0	0.7336250830318195	0.8040954630485571
29m2	0.0011337150000461	0	0.0026999744194666	0.0098339331962266	0.0004	0.0001	0.018185712431015	0.0087954735366811	0.0017449537146968	0.0005	0.001213824368896	0.0022771874644164	0.0007	0	0	0.91643329437465	0	0.0042820927785116	0.029628431508647	0	0.0020964828153414	0	0.782602475974795	0.7311901724923014
29m3	0.0009	0	0.003088144998337	0.0083619669971323	0.0010922004834263	0	0.0095197313399705	0.006162716057924	0.0008	0.0001	0.0007	0.0011664525543807	0.0008	0	0.0010135269395144	0.94560077240948	0.0001	0.0018822731145744	0.018706038669945	0	0	0	0.7811007176323252	0.7294711643659537
